Just (17,12,(-73,-11,-1222))
1
Just (6,12,(-24,-1147,26))
2
Just (19,18,(-26,-1175,-1206))
3
Just (14,12,(-36,1231,-1242))
4
Just (2,12,(-23,1105,-2489))
5
Just (3,18,(2,1232,-139))
6
Just (18,12,(41,2378,-71))
7
Just (10,12,(-1266,1223,-49))
8
Just (1,12,(-37,3578,-136))
9
Just (22,12,(48,3656,1068))
10
Just (5,12,(1239,1104,-109))
11
Just (2,12,(-1156,2478,1130))
12
Just (19,21,(-1246,2338,41))
13
Just (4,18,(-83,2372,-1348))
14
Just (21,18,(-1099,3666,1148))
15
Just (21,21,(65,2406,1162))
16
Just (0,12,(-1097,2487,2366))
17
Just (11,12,(-1141,3600,-1209))
18
Just (7,24,(-1173,3648,41))
19
Just (20,12,(-1199,2325,3627))
20
Just (23,12,(-2363,2415,0))
21
Just (8,12,(-1135,4873,-139))
22
Just (15,18,(-67,4819,10))
23
Just (13,12,(-2433,4869,-3))
24
Just (21,24,(-2334,3696,-118))
25
Just (19,12,(-1202,3573,3486))
26
Just (1,18,(-2312,3669,-1251))
27
Just (19,12,(-3486,3518,-1208))
28
Just (9,12,(-1098,3695,4680))
29
Just (14,12,(-1202,3555,-2392))
30
Just (16,18,(-2426,2300,-1153))
31
Just (3,18,(-3658,3672,-148))
32
Just (12,12,(-1177,6042,-128))
33
