[[2041142901,2154281207],[302673608,770471604],[1787644422,1995763957],[143576771,243417813],[4088720102,4200539975],[946418697,959869147],[3459931852,3722235642],[2913410855,3447052463],[2178733435,2205547788],[1058342395,1233748986]]
[[2041142901,2154281207],[302673608,369556212],[369556213,770471604],[1787644422,1971702237],[1971702238,1995763957],[143576771,222541760],[222541761,243417813],[4088720102,4200539975],[946418697,959869147],[3459931852,3606396301],[3606396302,3722235642],[2913410855,3088515861],[3088515862,3433644051],[3433644052,3447052463],[2178733435,2205547788],[1058342395,1160341940],[1160341941,1233748986]]
[[3855629690,3968767996],[980643649,1047526253],[214214951,615130342],[2205846849,2389904664],[3786189027,3810250746],[1118486943,1197451932],[900511802,921387854],[4088720102,4200539975],[791077435,804527885],[3217893140,3364357589],[3364357590,3480196930],[3016500333,3191605339],[2389904665,2735032854],[3191605340,3205013751],[3993220224,4020034577],[112215405,214214950],[825250550,898657595]]
[[112215405,214214950],[214214951,615130342],[791077435,804527885],[825250550,898657595],[900511802,921387854],[980643649,1047526253],[1118486943,1197451932],[2205846849,2389904664],[2389904665,2735032854],[3016500333,3191605339],[3191605340,3205013751],[3217893140,3364357589],[3364357590,3480196930],[3786189027,3810250746],[3855629690,3968767996],[3993220224,4020034577],[4088720102,4200539975]]
[[112215405,615130342],[791077435,804527885],[825250550,898657595],[900511802,921387854],[980643649,1047526253],[1118486943,1197451932],[2205846849,2735032854],[3016500333,3205013751],[3217893140,3480196930],[3786189027,3810250746],[3855629690,3968767996],[3993220224,4020034577],[4088720102,4200539975]]

[[112215405,615130342],[791077435,804527885],[825250550,898657595],[900511802,921387854],[980643649,1047526253],[1118486943,1197451932],[2205846849,2735032854],[3016500333,3205013751],[3217893140,3480196930],[3786189027,3810250746],[3855629690,3968767996],[3993220224,4020034577],[4088720102,4200539975]]
[[112215405,358613368],[358613369,615130342],[791077435,804527885],[825250550,889463537],[889463538,898657595],[900511802,921387854],[980643649,1047526253],[1118486943,1197451932],[2205846849,2646894857],[2646894858,2735032854],[3016500333,3205013751],[3217893140,3238983623],[3238983624,3268919686],[3268919687,3480196930],[3786189027,3810250746],[3855629690,3968767996],[3993220224,4020034577],[4088720102,4200539975]]
[[2853225597,3099623560],[226793587,483310560],[2333440533,2346890983],[2367613648,2431826635],[3102705571,3111899628],[3113753835,3134629887],[3193885682,3260768286],[3331728976,3410693965],[1174285941,1615333949],[1615333950,1703471946],[1914237019,2102750437],[2115629826,2136720309],[2711074129,2741010191],[2431826636,2643103879],[3786189027,3810250746],[4078559728,4191698034],[4216150262,4242964615],[3831995730,3943815603]]
[[226793587,483310560],[1174285941,1615333949],[1615333950,1703471946],[1914237019,2102750437],[2115629826,2136720309],[2333440533,2346890983],[2367613648,2431826635],[2431826636,2643103879],[2711074129,2741010191],[2853225597,3099623560],[3102705571,3111899628],[3113753835,3134629887],[3193885682,3260768286],[3331728976,3410693965],[3786189027,3810250746],[3831995730,3943815603],[4078559728,4191698034],[4216150262,4242964615]]
[[226793587,483310560],[1174285941,1703471946],[1914237019,2102750437],[2115629826,2136720309],[2333440533,2346890983],[2367613648,2643103879],[2711074129,2741010191],[2853225597,3099623560],[3102705571,3111899628],[3113753835,3134629887],[3193885682,3260768286],[3331728976,3410693965],[3786189027,3810250746],[3831995730,3943815603],[4078559728,4191698034],[4216150262,4242964615]]

[[226793587,483310560],[1174285941,1703471946],[1914237019,2102750437],[2115629826,2136720309],[2333440533,2346890983],[2367613648,2643103879],[2711074129,2741010191],[2853225597,3099623560],[3102705571,3111899628],[3113753835,3134629887],[3193885682,3260768286],[3331728976,3410693965],[3786189027,3810250746],[3831995730,3943815603],[4078559728,4191698034],[4216150262,4242964615]]
[[226793587,244526472],[244526473,265038763],[265038764,318562851],[318562852,390297300],[390297301,483310560],[1174285941,1246915337],[1246915338,1587040613],[1587040614,1606693176],[1606693177,1690877041],[1690877042,1703471946],[1914237019,2102750437],[2115629826,2136720309],[2333440533,2346890983],[2367613648,2367771415],[2367771416,2412618478],[2412618479,2485175974],[2485175975,2556752262],[2556752263,2643103879],[2711074129,2718368500],[2718368501,2741010191],[2853225597,2994338076],[2994338077,3099623560],[3102705571,3111899628],[3113753835,3134629887],[3193885682,3259272700],[3259272701,3260768286],[3331728976,3392529257],[3392529258,3410693965],[3786189027,3810250746],[3831995730,3881882832],[3881882833,3943815603],[4078559728,4191698034],[4216150262,4242964615]]
[[722026402,739759287],[3117278994,3137791284],[1967704281,2021228368],[94626393,166360841],[3770129899,3863143158],[437315534,509944930],[3430004623,3770129898],[519341481,538994043],[3219938491,3304122355],[1882627488,1895222392],[2199825862,2388339280],[2401218669,2422309152],[60295510,73745960],[94468625,94626392],[770420674,815267736],[2021228369,2093785864],[2093785865,2165362152],[1781809170,1868160786],[592497592,599791963],[815267737,837909427],[1640696690,1781809169],[846021094,951306577],[954388588,963582645],[965436852,986312904],[1045568699,1110955717],[1403336394,1404831979],[1475792669,1536592950],[3137791285,3155955992],[2861569894,2885631613],[2907376597,2957263699],[1215514867,1277447637],[2966119068,3079257374],[3314465420,3341279773]]
[[60295510,73745960],[94468625,94626392],[94626393,166360841],[437315534,509944930],[519341481,538994043],[592497592,599791963],[722026402,739759287],[770420674,815267736],[815267737,837909427],[846021094,951306577],[954388588,963582645],[965436852,986312904],[1045568699,1110955717],[1215514867,1277447637],[1403336394,1404831979],[1475792669,1536592950],[1640696690,1781809169],[1781809170,1868160786],[1882627488,1895222392],[1967704281,2021228368],[2021228369,2093785864],[2093785865,2165362152],[2199825862,2388339280],[2401218669,2422309152],[2861569894,2885631613],[2907376597,2957263699],[2966119068,3079257374],[3117278994,3137791284],[3137791285,3155955992],[3219938491,3304122355],[3314465420,3341279773],[3430004623,3770129898],[3770129899,3863143158]]
[[60295510,73745960],[94468625,166360841],[437315534,509944930],[519341481,538994043],[592497592,599791963],[722026402,739759287],[770420674,837909427],[846021094,951306577],[954388588,963582645],[965436852,986312904],[1045568699,1110955717],[1215514867,1277447637],[1403336394,1404831979],[1475792669,1536592950],[1640696690,1868160786],[1882627488,1895222392],[1967704281,2165362152],[2199825862,2388339280],[2401218669,2422309152],[2861569894,2885631613],[2907376597,2957263699],[2966119068,3079257374],[3117278994,3155955992],[3219938491,3304122355],[3314465420,3341279773],[3430004623,3863143158]]

[[60295510,73745960],[94468625,166360841],[437315534,509944930],[519341481,538994043],[592497592,599791963],[722026402,739759287],[770420674,837909427],[846021094,951306577],[954388588,963582645],[965436852,986312904],[1045568699,1110955717],[1215514867,1277447637],[1403336394,1404831979],[1475792669,1536592950],[1640696690,1868160786],[1882627488,1895222392],[1967704281,2165362152],[2199825862,2388339280],[2401218669,2422309152],[2861569894,2885631613],[2907376597,2957263699],[2966119068,3079257374],[3117278994,3155955992],[3219938491,3304122355],[3314465420,3341279773],[3430004623,3863143158]]
[[60295510,73745960],[94468625,166360841],[437315534,509944930],[519341481,538994043],[592497592,599791963],[722026402,739759287],[770420674,837909427],[846021094,902417242],[902417243,951306577],[954388588,963582645],[965436852,986312904],[1045568699,1101868950],[1101868951,1110955717],[1215514867,1277447637],[1403336394,1404831979],[1475792669,1536592950],[1640696690,1734000398],[1734000399,1868160786],[1882627488,1895222392],[1967704281,2098642804],[2098642805,2165362152],[2199825862,2268006096],[2268006097,2351677256],[2351677257,2369871057],[2369871058,2388339280],[2401218669,2422309152],[2861569894,2885631613],[2907376597,2957263699],[2966119068,2966853856],[2966853857,2976813582],[2976813583,3064171229],[3064171230,3079257374],[3117278994,3155955992],[3219938491,3304122355],[3314465420,3341279773],[3430004623,3863143158]]
[[60295510,73745960],[94468625,166360841],[438797857,511427253],[520823804,540476366],[593979915,601274286],[722026402,739759287],[770420674,837909427],[846021094,902417242],[3550500423,3599389757],[3602471768,3611665825],[3613520032,3634396084],[3693651879,3749952130],[3059617387,3068704153],[3161174553,3223107323],[3348996080,3350491665],[944397982,1005198263],[1109302003,1202605711],[3780234682,3914395069],[3928861771,3941456675],[4013938564,4144877087],[2772853640,2839572987],[2874036697,2942216931],[3466829263,3550500422],[3749952131,3768145931],[2283311570,2301779792],[2314659181,2335749664],[2944373698,2968435417],[2990180401,3040067503],[3048922872,3049657660],[3049657661,3059617386],[3379471616,3466829262],[1202605712,1217691856],[1255713476,1294390474],[1358372973,1442556837],[1452899902,1479714255],[1568439105,2001577640]]
[[60295510,73745960],[94468625,166360841],[438797857,511427253],[520823804,540476366],[593979915,601274286],[722026402,739759287],[770420674,837909427],[846021094,902417242],[944397982,1005198263],[1109302003,1202605711],[1202605712,1217691856],[1255713476,1294390474],[1358372973,1442556837],[1452899902,1479714255],[1568439105,2001577640],[2283311570,2301779792],[2314659181,2335749664],[2772853640,2839572987],[2874036697,2942216931],[2944373698,2968435417],[2990180401,3040067503],[3048922872,3049657660],[3049657661,3059617386],[3059617387,3068704153],[3161174553,3223107323],[3348996080,3350491665],[3379471616,3466829262],[3466829263,3550500422],[3550500423,3599389757],[3602471768,3611665825],[3613520032,3634396084],[3693651879,3749952130],[3749952131,3768145931],[3780234682,3914395069],[3928861771,3941456675],[4013938564,4144877087]]
[[60295510,73745960],[94468625,166360841],[438797857,511427253],[520823804,540476366],[593979915,601274286],[722026402,739759287],[770420674,837909427],[846021094,902417242],[944397982,1005198263],[1109302003,1217691856],[1255713476,1294390474],[1358372973,1442556837],[1452899902,1479714255],[1568439105,2001577640],[2283311570,2301779792],[2314659181,2335749664],[2772853640,2839572987],[2874036697,2942216931],[2944373698,2968435417],[2990180401,3040067503],[3048922872,3068704153],[3161174553,3223107323],[3348996080,3350491665],[3379471616,3599389757],[3602471768,3611665825],[3613520032,3634396084],[3693651879,3768145931],[3780234682,3914395069],[3928861771,3941456675],[4013938564,4144877087]]

[[60295510,73745960],[94468625,166360841],[438797857,511427253],[520823804,540476366],[593979915,601274286],[722026402,739759287],[770420674,837909427],[846021094,902417242],[944397982,1005198263],[1109302003,1217691856],[1255713476,1294390474],[1358372973,1442556837],[1452899902,1479714255],[1568439105,2001577640],[2283311570,2301779792],[2314659181,2335749664],[2772853640,2839572987],[2874036697,2942216931],[2944373698,2968435417],[2990180401,3040067503],[3048922872,3068704153],[3161174553,3223107323],[3348996080,3350491665],[3379471616,3599389757],[3602471768,3611665825],[3613520032,3634396084],[3693651879,3768145931],[3780234682,3914395069],[3928861771,3941456675],[4013938564,4144877087]]
[[60295510,73745960],[94468625,139489317],[139489318,145828808],[145828809,166360841],[438797857,466065814],[466065815,493278298],[493278299,511427253],[520823804,540476366],[593979915,601274286],[722026402,739759287],[770420674,837909427],[846021094,902417242],[944397982,961270116],[961270117,1005198263],[1109302003,1183417609],[1183417610,1217691856],[1255713476,1294390474],[1358372973,1442556837],[1452899902,1479714255],[1568439105,1628575811],[1628575812,1890048597],[1890048598,1938777439],[1938777440,2001577640],[2283311570,2301779792],[2314659181,2335749664],[2772853640,2775336104],[2775336105,2839572987],[2874036697,2942216931],[2944373698,2968435417],[2990180401,3029124888],[3029124889,3040067503],[3048922872,3068704153],[3161174553,3183915678],[3183915679,3223107323],[3348996080,3350491665],[3379471616,3599389757],[3602471768,3611665825],[3613520032,3634396084],[3693651879,3768145931],[3780234682,3793498680],[3793498681,3815253131],[3815253132,3913052942],[3913052943,3914395069],[3928861771,3941456675],[4013938564,4144877087]]
[[111081227,124531677],[145254342,190275034],[351028443,357367933],[393888178,414420210],[323760485,351028442],[235201317,262413800],[0,18148954],[27545505,47198067],[593979915,601274286],[2843629317,2861362202],[897872757,965361510],[973473177,1029869325],[1071850065,1088722199],[3410232629,3454160775],[3558264515,3632380121],[2876584504,2910858750],[2948880370,2987557368],[3073173747,3157357611],[3332392486,3359206839],[3203807909,3263944615],[3940697413,4202170198],[2401067597,2449796438],[3838332328,3901132528],[2751724035,2770192257],[2783071646,2804162129],[2144796348,2147278812],[2147278813,2211515695],[2245979405,2314159639],[2316316406,2340378125],[2362123109,2401067596],[4202170199,4213112813],[4221968182,4241749463],[3047240383,3069981508],[616956784,656148428],[1104370856,1105866441],[1134846392,1354764533],[1357846544,1367040601],[1368894808,1389770860],[1449026655,1523520707],[1535609458,1548873456],[3918942962,3940697412],[2595952934,2693752744],[1579189291,1580531417],[1594998119,1607593023],[1680074912,1811013435]]
[[0,18148954],[27545505,47198067],[111081227,124531677],[145254342,190275034],[235201317,262413800],[323760485,351028442],[351028443,357367933],[393888178,414420210],[593979915,601274286],[616956784,656148428],[897872757,965361510],[973473177,1029869325],[1071850065,1088722199],[1104370856,1105866441],[1134846392,1354764533],[1357846544,1367040601],[1368894808,1389770860],[1449026655,1523520707],[1535609458,1548873456],[1579189291,1580531417],[1594998119,1607593023],[1680074912,1811013435],[2144796348,2147278812],[2147278813,2211515695],[2245979405,2314159639],[2316316406,2340378125],[2362123109,2401067596],[2401067597,2449796438],[2595952934,2693752744],[2751724035,2770192257],[2783071646,2804162129],[2843629317,2861362202],[2876584504,2910858750],[2948880370,2987557368],[3047240383,3069981508],[3073173747,3157357611],[3203807909,3263944615],[3332392486,3359206839],[3410232629,3454160775],[3558264515,3632380121],[3838332328,3901132528],[3918942962,3940697412],[3940697413,4202170198],[4202170199,4213112813],[4221968182,4241749463]]
[[0,18148954],[27545505,47198067],[111081227,124531677],[145254342,190275034],[235201317,262413800],[323760485,357367933],[393888178,414420210],[593979915,601274286],[616956784,656148428],[897872757,965361510],[973473177,1029869325],[1071850065,1088722199],[1104370856,1105866441],[1134846392,1354764533],[1357846544,1367040601],[1368894808,1389770860],[1449026655,1523520707],[1535609458,1548873456],[1579189291,1580531417],[1594998119,1607593023],[1680074912,1811013435],[2144796348,2211515695],[2245979405,2314159639],[2316316406,2340378125],[2362123109,2449796438],[2595952934,2693752744],[2751724035,2770192257],[2783071646,2804162129],[2843629317,2861362202],[2876584504,2910858750],[2948880370,2987557368],[3047240383,3069981508],[3073173747,3157357611],[3203807909,3263944615],[3332392486,3359206839],[3410232629,3454160775],[3558264515,3632380121],[3838332328,3901132528],[3918942962,4213112813],[4221968182,4241749463]]

[[0,18148954],[27545505,47198067],[111081227,124531677],[145254342,190275034],[235201317,262413800],[323760485,357367933],[393888178,414420210],[593979915,601274286],[616956784,656148428],[897872757,965361510],[973473177,1029869325],[1071850065,1088722199],[1104370856,1105866441],[1134846392,1354764533],[1357846544,1367040601],[1368894808,1389770860],[1449026655,1523520707],[1535609458,1548873456],[1579189291,1580531417],[1594998119,1607593023],[1680074912,1811013435],[2144796348,2211515695],[2245979405,2314159639],[2316316406,2340378125],[2362123109,2449796438],[2595952934,2693752744],[2751724035,2770192257],[2783071646,2804162129],[2843629317,2861362202],[2876584504,2910858750],[2948880370,2987557368],[3047240383,3069981508],[3073173747,3157357611],[3203807909,3263944615],[3332392486,3359206839],[3410232629,3454160775],[3558264515,3632380121],[3838332328,3901132528],[3918942962,4213112813],[4221968182,4241749463]]
[[0,18148954],[27545505,47198067],[111081227,115268398],[115268399,124531677],[145254342,154806800],[154806801,157488416],[157488417,190275034],[235201317,235252942],[235252943,262413800],[323760485,357367933],[393888178,414420210],[593979915,601274286],[616956784,656148428],[897872757,965361510],[973473177,1029869325],[1071850065,1078899665],[1078899666,1088722199],[1104370856,1105866441],[1134846392,1354764533],[1357846544,1367040601],[1368894808,1389770860],[1449026655,1523520707],[1535609458,1548873456],[1579189291,1580531417],[1594998119,1607593023],[1680074912,1811013435],[2144796348,2201828879],[2201828880,2211515695],[2245979405,2311178478],[2311178479,2314159639],[2316316406,2340378125],[2362123109,2441655843],[2441655844,2449796438],[2595952934,2633829005],[2633829006,2679321567],[2679321568,2693752744],[2751724035,2770192257],[2783071646,2804162129],[2843629317,2861362202],[2876584504,2910858750],[2948880370,2987557368],[3047240383,3069981508],[3073173747,3157357611],[3203807909,3263944615],[3332392486,3359206839],[3410232629,3411240256],[3411240257,3454160775],[3558264515,3632380121],[3838332328,3880534100],[3880534101,3887925066],[3887925067,3899747982],[3899747983,3901132528],[3918942962,4120171498],[4120171499,4146768976],[4146768977,4174367469],[4174367470,4213112813],[4221968182,4241749463]]
[[2017018771,2035167725],[2044564276,2064216838],[2128099998,2132287169],[195554894,204818172],[225540837,235093295],[2014337155,2017018770],[2206492457,2239279074],[2284205357,2284256982],[235093296,262254153],[323600838,357208286],[393728531,414260563],[24261545,31555916],[47238414,86430058],[1703652956,1771141709],[1779253376,1835649524],[1877630264,1884679864],[2639129496,2648952029],[2295372421,2296868006],[2325847957,2545766098],[2548848109,2558042166],[2559896373,2580772425],[1891031741,1965525793],[1977614544,1990878542],[863865854,865207980],[879674682,892269586],[964751475,1095689998],[710671235,767703766],[2653485248,2663172063],[2697635773,2762834846],[569558723,572539883],[574696650,598758369],[620503353,700036087],[767703767,775844361],[1640326456,1678202527],[1394150206,1439642767],[128927628,143358804],[2195381645,2213849867],[2783071646,2804162129],[2843629317,2861362202],[2876584504,2910858750],[2948880370,2987557368],[3047240383,3069981508],[3073173747,3157357611],[3203807909,3263944615],[3332392486,3359206839],[3410232629,3411240256],[3865679795,3908600313],[4166909484,4241025090],[4082924921,4125126693],[3453031511,3460422476],[4125126694,4136949609],[3562496130,3563880675],[3581691109,3782919645],[4030666425,4057263902],[4003067932,4030666424],[3782919646,3821664989],[3830520358,3850301639]]
[[24261545,31555916],[47238414,86430058],[128927628,143358804],[195554894,204818172],[225540837,235093295],[235093296,262254153],[323600838,357208286],[393728531,414260563],[569558723,572539883],[574696650,598758369],[620503353,700036087],[710671235,767703766],[767703767,775844361],[863865854,865207980],[879674682,892269586],[964751475,1095689998],[1394150206,1439642767],[1640326456,1678202527],[1703652956,1771141709],[1779253376,1835649524],[1877630264,1884679864],[1891031741,1965525793],[1977614544,1990878542],[2014337155,2017018770],[2017018771,2035167725],[2044564276,2064216838],[2128099998,2132287169],[2195381645,2213849867],[2206492457,2239279074],[2284205357,2284256982],[2295372421,2296868006],[2325847957,2545766098],[2548848109,2558042166],[2559896373,2580772425],[2639129496,2648952029],[2653485248,2663172063],[2697635773,2762834846],[2783071646,2804162129],[2843629317,2861362202],[2876584504,2910858750],[2948880370,2987557368],[3047240383,3069981508],[3073173747,3157357611],[3203807909,3263944615],[3332392486,3359206839],[3410232629,3411240256],[3453031511,3460422476],[3562496130,3563880675],[3581691109,3782919645],[3782919646,3821664989],[3830520358,3850301639],[3865679795,3908600313],[4003067932,4030666424],[4030666425,4057263902],[4082924921,4125126693],[4125126694,4136949609],[4166909484,4241025090]]
[[24261545,31555916],[47238414,86430058],[128927628,143358804],[195554894,204818172],[225540837,262254153],[323600838,357208286],[393728531,414260563],[569558723,572539883],[574696650,598758369],[620503353,700036087],[710671235,775844361],[863865854,865207980],[879674682,892269586],[964751475,1095689998],[1394150206,1439642767],[1640326456,1678202527],[1703652956,1771141709],[1779253376,1835649524],[1877630264,1884679864],[1891031741,1965525793],[1977614544,1990878542],[2014337155,2035167725],[2044564276,2064216838],[2128099998,2132287169],[2195381645,2213849867],[2206492457,2239279074],[2284205357,2284256982],[2295372421,2296868006],[2325847957,2545766098],[2548848109,2558042166],[2559896373,2580772425],[2639129496,2648952029],[2653485248,2663172063],[2697635773,2762834846],[2783071646,2804162129],[2843629317,2861362202],[2876584504,2910858750],[2948880370,2987557368],[3047240383,3069981508],[3073173747,3157357611],[3203807909,3263944615],[3332392486,3359206839],[3410232629,3411240256],[3453031511,3460422476],[3562496130,3563880675],[3581691109,3821664989],[3830520358,3850301639],[3865679795,3908600313],[4003067932,4057263902],[4082924921,4136949609],[4166909484,4241025090]]

[[24261545,31555916],[47238414,86430058],[128927628,143358804],[195554894,204818172],[225540837,262254153],[323600838,357208286],[393728531,414260563],[569558723,572539883],[574696650,598758369],[620503353,700036087],[710671235,775844361],[863865854,865207980],[879674682,892269586],[964751475,1095689998],[1394150206,1439642767],[1640326456,1678202527],[1703652956,1771141709],[1779253376,1835649524],[1877630264,1884679864],[1891031741,1965525793],[1977614544,1990878542],[2014337155,2035167725],[2044564276,2064216838],[2128099998,2132287169],[2195381645,2213849867],[2206492457,2239279074],[2284205357,2284256982],[2295372421,2296868006],[2325847957,2545766098],[2548848109,2558042166],[2559896373,2580772425],[2639129496,2648952029],[2653485248,2663172063],[2697635773,2762834846],[2783071646,2804162129],[2843629317,2861362202],[2876584504,2910858750],[2948880370,2987557368],[3047240383,3069981508],[3073173747,3157357611],[3203807909,3263944615],[3332392486,3359206839],[3410232629,3411240256],[3453031511,3460422476],[3562496130,3563880675],[3581691109,3821664989],[3830520358,3850301639],[3865679795,3908600313],[4003067932,4057263902],[4082924921,4136949609],[4166909484,4241025090]]
[[24261545,31555916],[47238414,86430058],[128927628,143358804],[195554894,201731622],[201731623,204818172],[225540837,262254153],[323600838,357208286],[393728531,414260563],[569558723,572539883],[574696650,598758369],[620503353,700036087],[710671235,775844361],[863865854,865207980],[879674682,892269586],[964751475,1095689998],[1394150206,1439642767],[1640326456,1678202527],[1703652956,1771141709],[1779253376,1835649524],[1877630264,1884679864],[1891031741,1946017810],[1946017811,1965525793],[1977614544,1990878542],[2014337155,2035167725],[2044564276,2064216838],[2128099998,2132287169],[2195381645,2213849867],[2206492457,2235388493],[2235388494,2239279074],[2284205357,2284256982],[2295372421,2296868006],[2325847957,2350098917],[2350098918,2406580588],[2406580589,2545766098],[2548848109,2558042166],[2559896373,2580772425],[2639129496,2648952029],[2653485248,2663172063],[2697635773,2751566861],[2751566862,2762834846],[2783071646,2804162129],[2843629317,2861362202],[2876584504,2878291221],[2878291222,2901809445],[2901809446,2910858750],[2948880370,2976528573],[2976528574,2987557368],[3047240383,3069981508],[3073173747,3086380957],[3086380958,3157357611],[3203807909,3228655137],[3228655138,3263944615],[3332392486,3359206839],[3410232629,3411240256],[3453031511,3460422476],[3562496130,3563880675],[3581691109,3630765533],[3630765534,3670752711],[3670752712,3788247117],[3788247118,3821664989],[3830520358,3850301639],[3865679795,3908600313],[4003067932,4057263902],[4082924921,4136949609],[4166909484,4204488572],[4204488573,4207450888],[4207450889,4241025090]]
[[24261545,31555916],[47238414,86430058],[128927628,143358804],[195554894,201731622],[3644382609,3647469158],[3668191823,3704905139],[3766251824,3799859272],[3836379517,3856911549],[1116158391,1119139551],[1121296318,1145358037],[1167103021,1246635755],[1257270903,1322444029],[1410465522,1411807648],[1426274350,1438869254],[3125473222,3256411745],[1643847341,1689339902],[2288375141,2326251212],[2351701641,2419190394],[2427302061,2483698209],[3530541829,3537591429],[3543943306,3598929375],[1692198890,1711706872],[2495709048,2508973046],[2532431659,2553262229],[2562658780,2582311342],[2646194502,2650381673],[2713476149,2731944371],[2724586961,2753482997],[572458731,576349311],[621275594,621327219],[632442658,633938243],[662918194,687169154],[1441554453,1498036123],[350004378,489189887],[492271898,501465955],[503320162,524196214],[2761688477,2771511010],[2776044229,2785731044],[2820194754,2874125842],[4168242936,4179510920],[4199747720,4220838203],[4260305391,4278038276],[4293260578,4294967295],[877642375,901160598],[4132461733,4141511037],[4099498768,4127146971],[2874125843,2885154637],[307901487,330642612],[333834851,347042061],[2974240726,3045217379],[3469339176,3494186404],[201731623,237021100],[2942405136,2969219489],[1538725916,1539733543],[1581524798,1588915763],[4019939643,4021324188],[4039134622,4088209046],[3598929376,3638916553],[687169155,804663560],[1810237756,1843655627],[1852510996,1872292277],[1887670433,1930590951],[2025058570,2079254540],[2104915559,2158940247],[2188900122,2226479210],[347042062,350004377],[901160599,934734800]]
[[24261545,31555916],[47238414,86430058],[128927628,143358804],[195554894,201731622],[201731623,237021100],[307901487,330642612],[333834851,347042061],[347042062,350004377],[350004378,489189887],[492271898,501465955],[503320162,524196214],[572458731,576349311],[621275594,621327219],[632442658,633938243],[662918194,687169154],[687169155,804663560],[877642375,901160598],[901160599,934734800],[1116158391,1119139551],[1121296318,1145358037],[1167103021,1246635755],[1257270903,1322444029],[1410465522,1411807648],[1426274350,1438869254],[1441554453,1498036123],[1538725916,1539733543],[1581524798,1588915763],[1643847341,1689339902],[1692198890,1711706872],[1810237756,1843655627],[1852510996,1872292277],[1887670433,1930590951],[2025058570,2079254540],[2104915559,2158940247],[2188900122,2226479210],[2288375141,2326251212],[2351701641,2419190394],[2427302061,2483698209],[2495709048,2508973046],[2532431659,2553262229],[2562658780,2582311342],[2646194502,2650381673],[2713476149,2731944371],[2724586961,2753482997],[2761688477,2771511010],[2776044229,2785731044],[2820194754,2874125842],[2874125843,2885154637],[2942405136,2969219489],[2974240726,3045217379],[3125473222,3256411745],[3469339176,3494186404],[3530541829,3537591429],[3543943306,3598929375],[3598929376,3638916553],[3644382609,3647469158],[3668191823,3704905139],[3766251824,3799859272],[3836379517,3856911549],[4019939643,4021324188],[4039134622,4088209046],[4099498768,4127146971],[4132461733,4141511037],[4168242936,4179510920],[4199747720,4220838203],[4260305391,4278038276],[4293260578,4294967295]]
[[24261545,31555916],[47238414,86430058],[128927628,143358804],[195554894,237021100],[307901487,330642612],[333834851,489189887],[492271898,501465955],[503320162,524196214],[572458731,576349311],[621275594,621327219],[632442658,633938243],[662918194,804663560],[877642375,934734800],[1116158391,1119139551],[1121296318,1145358037],[1167103021,1246635755],[1257270903,1322444029],[1410465522,1411807648],[1426274350,1438869254],[1441554453,1498036123],[1538725916,1539733543],[1581524798,1588915763],[1643847341,1689339902],[1692198890,1711706872],[1810237756,1843655627],[1852510996,1872292277],[1887670433,1930590951],[2025058570,2079254540],[2104915559,2158940247],[2188900122,2226479210],[2288375141,2326251212],[2351701641,2419190394],[2427302061,2483698209],[2495709048,2508973046],[2532431659,2553262229],[2562658780,2582311342],[2646194502,2650381673],[2713476149,2731944371],[2724586961,2753482997],[2761688477,2771511010],[2776044229,2785731044],[2820194754,2885154637],[2942405136,2969219489],[2974240726,3045217379],[3125473222,3256411745],[3469339176,3494186404],[3530541829,3537591429],[3543943306,3638916553],[3644382609,3647469158],[3668191823,3704905139],[3766251824,3799859272],[3836379517,3856911549],[4019939643,4021324188],[4039134622,4088209046],[4099498768,4127146971],[4132461733,4141511037],[4168242936,4179510920],[4199747720,4220838203],[4260305391,4278038276],[4293260578,4294967295]]

::
[24261545,24261545],[593979915,24261545],[593979915,593979915],[592497592,593979915],[2711074129,592497592],[3238983624,2711074129],[3481022336,3238983624],
