19    4249    275  **
18   14724    241  ****
17   24115   1287  ******
16   24774   1468  ******
15   30365   3073  *******
14   37724   6110  **********
13   43167    721  **********
12   41733   1596  **********
11   49647    236  ***********
10   55894   1453  ************
 9   55293   8839  *************
 8   59471  10665  ***************
 7   76642   1972  *****************
 6   77803   5954  ******************
 5   79599   3906  *****************
 4   90644   5087  *******************
 3  117279  31211  ******************************
 2  163533   6004  ***********************************
 1  182671  21387  *****************************************
