[[79,92],[55,67]]
[[79,92],[55,67]]
[[81,94],[57,69]]
[[57,69],[81,94]]
[[57,69],[81,94]]

[[57,69],[81,94]]
[[57,69],[81,94]]
[[57,69],[81,94]]
[[57,69],[81,94]]
[[57,69],[81,94]]

[[57,69],[81,94]]
[[57,69],[81,94]]
[[53,65],[81,94]]
[[53,65],[81,94]]
[[53,65],[81,94]]

[[53,65],[81,94]]
[[53,65],[81,94]]
[[46,58],[74,87]]
[[46,58],[74,87]]
[[46,58],[74,87]]

[[46,58],[74,87]]
[[46,58],[74,76],[77,87]]
[[82,94],[78,80],[45,55]]
[[45,55],[78,80],[82,94]]
[[45,55],[78,80],[82,94]]

[[45,55],[78,80],[82,94]]
[[45,55],[78,80],[82,94]]
[[46,56],[78,80],[82,94]]
[[46,56],[78,80],[82,94]]
[[46,56],[78,80],[82,94]]

[[46,56],[78,80],[82,94]]
[[46,55],[56,56],[78,80],[82,92],[93,94]]
[[46,55],[60,60],[82,84],[86,96],[56,57]]
[[46,55],[56,57],[60,60],[82,84],[86,96]]
[[46,57],[60,60],[82,84],[86,96]]

::
[46,46],[45,46],[77,45],[84,77],[84,84],[84,84],[82,84],
